08
27308
27308
08
218
27308
27098
0.7751948
228
27098
26878
0.8187578
28
26878
26898
0.07437718
38
26898
26868
0.111698
38
26868
26838
0.1118158
48
26838
26798
0.1493098
178
26798
26968
0.6305648
58
26968
27018
0.1851178
08
27018
27018
08
178
27018
27188
0.625468
148
27188
27328
0.5124458
158
27328
27478
0.546058
68
27478
27538
0.2179448
18
27538
27548
0.03631088
18
27548
27558
0.03629768
118
27558
27668
0.3976868
98
27668
27758
0.3243248
138
27758
27888
0.4662848
98
27888
27978
0.3217738
158
27978
28128
0.5334288
128
28128
28248
0.4249298
228
28248
28468
0.7730158
98
28468
28558
0.3152368
68
28558
28618
0.2097178
118
28618
28728
0.3830088
18
28728
28738
0.03480688
128
28738
28858
0.4159458
158
28858
29008
0.5172418
78
29008
29078
0.2407988
198
29078
29268
0.6493518
418
29268
29678
1.381878
28
29678
29698
0.06736278
278
29698
29428
0.9177438
528
29428
28908
1.799318
428
28908
28488
1.474728
568
28488
27928
2.005738
408
27928
27528
1.453498
188
27528
27348
0.6583768
418
27348
26938
1.522478
258
26938
26688
0.9370318
48
26688
26648
0.150158
48
26648
26608
0.1503768
98
26608
26518
0.3394958
288
26518
26238
1.067488
108
26238
26138
0.3827028
138
26138
26008
0.58
148
26008
25868
0.5413778
98
25868
25778
0.3492438
58
25778
25728
0.1944018
38
25728
25698
0.1167778
58
25698
25748
0.194258
108
25748
25848
0.3869978
9328
25848
16528
56.41658
11548
16528
4988
231.7278
