08
54368
54368
08
28408
54368
25968
109.3998
218
25968
25758
0.8155348
78
25758
25828
0.2711088
08
25828
25828
08
18
25828
25838
0.03871478
68
25838
25778
0.2328298
08
25778
25778
08
58
25778
25728
0.1944018
38
25728
25698
0.1167778
188
25698
25518
0.7056068
228
25518
25298
0.8699098
138
25298
25428
0.5114088
48
25428
25388
0.1576048
68
25388
25328
0.2369678
128
25328
25448
0.4716988
88
25448
25528
0.313488
248
25528
25288
0.9493678
148
25288
25428
0.5507478
188
25428
25248
0.7131548
158
25248
25398
0.5907848
28
25398
25378
0.07883338
38
25378
25348
0.118398
98
25348
25438
0.3539138
88
25438
25518
0.3136038
108
25518
25418
0.3935468
38
25418
25448
0.1179258
78
25448
25378
0.2759168
28
25378
25358
0.07889558
08
25358
25358
08
88
25358
25438
0.3145898
58
25438
25488
0.1962328
58
25488
25538
0.1958488
38
25538
25568
0.1173718
88
25568
25648
0.3120128
128
25648
25528
0.4702198
88
25528
25608
0.31258
38
25608
25638
0.117058
58
25638
25588
0.1954658
88
25588
25668
0.3117698
68
25668
25728
0.2332818
48
25728
25688
0.1557638
158
25688
25838
0.580728
88
25838
25918
0.3087618
428
25918
25498
1.64778
238
25498
25728
0.8942468
88
25728
25648
0.3120128
108
25648
25548
0.3915438
148
25548
25408
0.5511818
178
25408
25578
0.6648428
88
25578
25658
0.3118918
11068
25658
36718
30.1288
14508
36718
51218
28.31488
20058
51218
71268
28.13648
17748
71268
53528
33.14658
27708
53528
25828
107.2818
48
25828
25868
0.1546798
58
25868
25918
0.1929768
118
25918
25808
0.4263578
68
25808
25868
0.2320198
13158
25868
39018
33.70938
19418
39018
58428
33.22498
21768
58428
80188
27.13898
10248
80188
69948
14.64118
33488
69948
36468
91.82678
11248
36468
25228
44.56788
668
25228
25888
2.550238
88
25888
25968
0.3081668
78
25968
25898
0.2703758
68
25898
25838
0.2322888
108
25838
25738
0.3886518
28
25738
25718
0.07779078
228
25718
25938
0.8484388
208
25938
25738
0.7773038
18028
25738
43758
41.18868
28778
43758
72528
39.67188
16508
72528
56028
29.45388
14998
56028
41038
36.53428
15368
41038
25678
59.83648
128
25678
25558
0.4696678
48
25558
25518
0.1568018
78
25518
25588
0.2736518
118
25588
25478
0.4318818
178
25478
25308
0.6719378
98
25308
25218
0.3570018
168
25218
25378
0.6306668
128
25378
25498
0.4707738
78
25498
25428
0.2753748
88
25428
25348
0.3157068
48
25348
25388
0.1576048
98
25388
25478
0.3533578
18
25478
25488
0.03924658
38
25488
25458
0.1178788
208
25458
25258
0.7920798
418
25258
24848
1.650568
108
24848
24948
0.4009628
218
24948
25158
0.834998
98
25158
25248
0.3565778
278
25248
25518
1.058418
178
25518
25688
0.6619948
588
25688
26268
2.208688
378
26268
26638
1.389418
568
26638
27198
2.059588
408
27198
27598
1.44988
428
27598
28018
1.499468
748
28018
28758
2.573918
688
28758
29438
2.310578
708
29438
30138
2.323278
878
30138
31008
2.806458
638
31008
31638
1.991788
1058
31638
32688
3.212978
